20.6
706
9.7
4.74
.532
2974
599.
3640
705
6206
7002
905
0774
212
0868
6.99
8772
888
780
8633
2935
308
.54
2.1
3454
5475
0.8
132
0633
154
3.46
703
8464
892.
6831
5.54
039
707
5.2
8259
775
127
0095
126
.55
890
7068
171
38.
9113
.964
.252
37.
4651
10.
379
771
411
2232
65.7
83.5
300
608
8.6
807.
8023
956
046
5517
24.5
4.63
.79
8159
711
61.3
8504
256
3284
6468
588
79.7
933
1389
667
252
4356
049
9054
1648
.47
984
2505
8.5
1572
.348
704
051
382
8811
838
4054
01.4
614
984.
056
557.
876
.62
.71
02.
654
24.
2728
.92
.27
5194
8797
372
0399
899
347
9.30
280
563
2.67
1109
208.
7950
889
.25
979
585
2743
.00
.23
45.6
840
777
2109
.504
177
881.
1642
7400
9077
7.02
299
3994
7217
519.
11.
161
0.1
8967
859
8.04
83.2
9.91
347
159
885
101
402
29.
9949
399
24.0
74.
361
2.0
5.6
0441
3001
.65
6123
848
4436
808
2020
.534
3.75
3490
683
808
763
6.3
757
904
5779
319
645
.251
785
381
792
4648
1399
551
6997
226
704
.79
2632
0910
342
0.3
37.
0582
8494
.92
8888
5219
14.
084
676
4630
2715
021
5575
.67
39.
7772
2.31
98.
878
725
.61
738
0284
5805
2230
8359
2.1
3481
167
546.
4397
702.
8402
831
016
7.44
8961
8061
0471
848
428
359
952
5355
466
196
074.
.21
030
27.4
0.8
1274
928
314
854
6.72
144
969
97.5
1386
958
.2.9
.640
390
.3.
.354
823
.05
7415
100
3479
701
3526
558
729
4647
.77
.7.
086
52.1
.51.
.5.3
07.0
531
116
6548
52.
5769
5272
68.
071
215
63.6
2234
922
57.
97..
871
004
9351
9..
498
.80
2524
906
2.3
2301
971
809
2126
.169
1665
6.70
2257
994
.726
6.3
3022
795
316
0.2
0652
0709
.01.
2230
099
8462
762
953
54.6
689
345
07.
5287
544
1387
424
.089
0.3
277
9353
61.
6124
18..
.37
07.7
2427
545
.07
815
7959
2248
134
4958
349
175.
6766
4.0
872
262
193
88.7
289
2.2
907
9083
7023
38.
7738
7931
286
.745
6286
109
904
573
0010
6961
0326
9233
1.79
4408
3.4
734
97.
22.
2336
1344
323
188
61.9
4484
.185
2218
316
.7.2
551
279
3491
875
293
1..
745.
2525
1996
0698
0249
741
1451
5236
24.5
6747
253
064
652
3345
7206
.356
863
2807
0301
271
406
3..
645
.74
743
.037
4371
409
1656
4..
612
677
845
489
973
605
.699
197
8765
7.5
6637
9624
7.76
5008
3759
603
5.36
4943
0397
001
..3
173.
430
33.8
381
1818
4.3
3504
2319
58.0
2.68
773
2866
2..
6.68
3852
170
735
829
610
177
675.
025
3..
223
693
8189
447
2185
5108
0.45
.93
8058
995
0079
4092
3711
2293
5.50
977
370
3.8
2104
7.0
7.7
2.58
166
074
9237
1130
3212
0228
818
2091
903
988
6986
211
2906
9.3
8484
2..1
.225
363.
6.6
790
872
710
.20
7304
4.4
365
9199
8.1
1456
144
433
3911
.79
1749
1565
491
96.8
9.22
09.7
405
6381
22.7
2..1
364
805
5880
840
..6
053
7.33
7187
709
9143
910
291
.502
161
276
626
802
149
1446
0498
261
.368
7832
5758
7801
.72
2127
30.
21.
3510
1511
6914
486
005
50..
5437
.46
315
4156
2.95
699
9770
2667
992
644
836
292
00..
9116
3322
843
.092
000
1458
1256
5070
811
519
.13
19.9
8601
551
716
72.5
..9
4345
5416
.931
2467
547
250
65.9
2288
9.89
469
102
4380
6.22
751
1009
457
3642
30.7
565
1219
7514
7583
885
6546
091
.172
1970
9021
553
8896
9948
8985
2325
7458
764
119
3380
8377
137
53.
2048
213
250
4.15
118
120
446
1152
8350
9241
667
663
828
2809
7714
3518
2626
0.4
70.0
.700
18.7
57.
0212
7155
8833
178
3493
271
900
014
581
751
319
665
1741
7015
6464
1.97
627.
.119
7363
472
88..
978.
767
7290
4.6
3912
3135
3906
900
282
04.
342
71.7
679
8029
066
1439
017
9.2
.286
1922
265
.274
582
5989
3599
90.
835
3901
.31
5567
843
.239
6336
01.0
8438
685
9043
9368
4245
49.
704
4897
6.1
880
2077
54.
6492
474
455.
81.
8935
5329
736
6925
2254
.353
596
561
184
1647
859
224
7246
3.0.
41.
456
833
.00
504
362
8378
5582
065
0351
0373
508
6708
2309
5285
804.
.171
131
325
7252
723
576
299
301.
50.7
.2.5
0613
588
5.6.
8953
0148
7535
3100
670
505
44.
04.9
955
684
823.
3.5
.090
5590
985
6.92
68..
9882
.1.
249
41.
5646
2470
04.0
1110
2602
3248
4166
350
5463
064
579
018
6285
..1
.84
6601
4636
2.0
0.10
848
355
723
905
1815
1600
6..9
.93
3928
0..0
.3.
0920
7688
995
804
642
.04
825
0174
...3
051.
9651
978
30.1
0.42
2720
8150
47.
1692
5.4
008
832
6217
659
947
271.
.274
0931
884
848
83.
447
5779
709
0.2
0994
155
934
37.
8370
1627
858
56.8
06.
122
4513
942
6457
190
.518
3629
905
3328
8473
9052
8512
287
7871
0350
2404
242
698
4519
9165
6181
832
.9.
808
..6
89.
691
7..7
4251
594
9.4
380
26.6
2986
1770
3738
.75
720.
5545
7381
0736
7789
150
8951
972
8148
836
5886
1.00
1.9
448
226
988
51.5
546
2122
219
0..
.34
04.3
0806
0547
2022
8904
779
4160
407
4142
4138
47.
1902
5.1
942
4522
648
151
3.92
943
222
1727
8587
61.1
0075
82.
156
3.2.
947
4686
6030
893
571
98.5
285
7610
9461
5079
008.
5839
5.6
6593
4794
..9
.78
9.4
4953
3302
8762
7952
78.
643
230
460.
5536
901
87.
348
379
750
