0476
4532
0013
9.47
1663
752
405.
69.5
944
510
.304
015
844
9369
6158
953
0811
185
7.74
1106
2.1
676.
212
0207
622
43.
1223
0241
9055
2438
0618
944
0689
5470
1.5.
168
6.8
649
0498
9612
29.
637
6568
9139
2524
.321
40.9
04.
344
.93
38.
3079
98.0
3182
676
5125
803
6.05
210
032
.041
773
3725
053
852
1.8
5044
2492
125
629
3378
5..
7359
331
9375
7284
64.
666
38.
4867
737.
2.3
.950
31.
283
399.
8..
9116
814
.70
8.33
8554
1709
292
60.
999
891
7970
7012
451
94.0
283
696
484
6225
3815
1127
2..
486
0341
327
878
.40
1.7
723
3454
..0
224
593
835
225.
38.
301
997
.88
9827
6042
9801
050
1199
3.7
6.8
8134
247
5352
286
8.16
0.04
.08
130
8982
.566
..7
4.18
253
294
78.3
34.8
5311
461
307
1399
445
328
6007
97.
5214
8150
0.90
4.63
10.
386
701
9586
0564
2589
0023
365
3801
18.
0142
790
0284
505.
897
.33
.442
3.8
4986
365
8.3
0723
739
908
6380
488
7293
0886
743
0903
8..
8572
1255
4..4
2217
716
772
13.
8518
9.63
16.7
400
736
7.4
0.83
972
314
110
..3.
9401
315
942
7559
2560
7852
28.1
5043
540
9301
552
215
8444
0627
2756
282
4726
6381
780
53.
8835
2585
9403
2036
8853
200
6.3
305
...0
15.8
388
271
.20
415
986
735
0368
7.37
725
86.1
25.
8642
3530
..9
433
742
2.3
.35
231
8144
019
.569
687
8534
4.7
288
791
2..
733
3471
7763
7548
4579
.99
8149
912.
0026
6027
16.
055
428
6.3
298
445
8.2.
3081
622.
3308
9643
532
278
170
621
.39
012
514
8915
63.8
.09
138
7875
36.2
01.
313
564
.24
485.
.25
6.3
99.
.97
987
9816
9502
9423
947
2027
4703
2608
111
7842
9061
7801
587
520
1304
602.
5..8
4878
4601
.34
067
9398
2.04
.611
.228
656
9.8
789
830
.73
95.
0629
4299
147
9556
798
903.
.461
722
.925
352
8388
2130
949
579
7..
478
8118
265
6824
.26
4316
9298
77.
.44
1386
4799
.4.8
425
132
654
9763
9.1
185
..07
4292
95.2
9921
681
3.5
713
.72
296
1.7
790
3249
1128
3.92
024
2026
7026
064
9747
886
6557
976
3396
752
9518
910
9387
7070
.84
5031
3672
0.0
9365
382
661
46.
956
7981
.106
8728
9560
2.7
8911
.14
315
3546
608
369
835
381
398
864
2.6
011
6037
3662
29.
.43
0766
.64
4.7
619
3454
229
3541
2941
007
130
651
7146
82.
388
0014
8758
7704
.07
579
742
21.
3980
988
41.4
.040
474
929
.67
380
823
0296
699
427
160
7994
820
9133
801
1891
3.4
4032
051
546
761
8572
6.1
205
6502
.66.
814
7470
.66
74.
307
568.
5296
192.
.02
9185
0049
5252
357
8942
4572
3050
978
9..
401
667
5335
5.00
386
801
496
888
.151
1519
1544
7.47
5.3
132
0056
2595
5124
0.79
195
151
840
.618
581
910.
.03
255
816
521
01.
2639
4971
744
5085
508
021.
048
113
846
6805
179
086.
858
764
775
3331
3.4
2736
508
7107
865
.311
088
668
764
8576
477
376
5686
0813
830
2225
290
829
5437
140
0985
3519
095
891
155
4013
0771
4224
.656
9.91
.68.
3651
743
5521
422
217
.504
.48
984
971
0639
579
777
680
6000
4.8
748
651
164
9.36
3712
.37
70.
1400
3131
684
798
846
278
445
915
4.88
056
555
8695
2500
335
7983
398
0.98
0.71
568
9190
3845
1874
12.
.85
45.1
10.
929
523
.75
713
5006
9944
562
248
.550
.66.
.68
77.
037
3580
8264
582
.450
0994
71.5
134
.20
529
478
.19
66.3
050.
688
290
36.0
8185
787
198
3069
.427
614
0483
5722
6341
5794
5..5
0781
238
7239
381
8256
524
8640
3579
0273
754
971
4212
442
6561
670
559
50.
981
506
0930
248
727
497
516
371
366
904
5384
1300
9927
.5.0
.672
897
8368
8003
386
482
6076
05..
6113
2373
595
1871
524
937
135
994
1001
885
575
4244
5311
..0
389
003.
6..7
.936
281
923
407
136
728
5645
5689
2.4
9416
47.
9058
1037
.673
3376
397
3513
249
7542
.789
4421
537
1860
951
8241
1.8
077
4432
040
8567
1504
980
1331
422
033
715
89.
964
922
5904
2..9
766
544
9.97
.01
8.8
1.6
2294
166
2394
...
388
1470
019
6.93
565
3167
288.
4878
5057
.54
7895
8549
4614
4251
58.
081
918
890.
202
.91
246
3154
2.87
.65
8869
480
4.1
9989
525
258
1178
684
384
203
058
0.97
1208
1062
4233
185
423
2.2
.00
815
643
736.
998
563
923
0893
062
708
8747
073
3059
4879
1656
563
8928
2799
6175
589
514
8163
1.2
8769
357
6993
5111
6489
056
937
6.30
4343
756
5311
026
093
6729
..24
528
33.0
81.
172
7073
668
1616
8197
42.3
.56
6501
222
2261
613
7139
588
874
70.
205
4454
4332
1.1
5380
4695
3966
931
0379
804
146
296
3251
59.
898
300
048
335
1719
77.6
1688
993.
738
631
90.
.119
1102
5894
26.
0342
.836
2156
666
081
999.
109
.5.6
.390
6607
2788
6999
53.
3166
107
0721
064
2988
232
602
64.
60.7
9608
359
3061
159
311
649
913
541
.285
.72
8255
928
6645
6.05
648
541.
3145
7824
6307
9635
261
274
6.1
964
2059
355
157.
.077
7..
328
4454
2275
70.0
6117
900
117
2926
710
7.4
1520
5734
167
34.2
664
7063
7142
386
4560
980
798
4559
795
0287
693
085
8853
860.
107
7320
3544
662
739
197
3820
9186
5710
002
442
9644
60.9
..5
7472
7015
619.
9331
355
525
7420
2484
857
1485
