276
7.0
6162
3052
.417
596
279
826
8138
.86
991
716
3.05
0208
.708
362
986
301
.506
3242
1200
6189
088
4880
5743
367
448
884
4800
611
1761
6178
8.78
.93
270
044
0720
271
1069
7097
7.9
437
0175
4610
957.
2997
6..1
37.
688
47.2
3225
5024
3726
1202
1487
4809
380
653
341
..7
411
177
5946
37.4
457
0181
8405
0506
4260
870
6071
9618
1.7
9934
750
00.
8542
106
0336
.76
.82
1.33
257
0808
4289
4080
856
760
703
908
0052
643
371
973
1697
000
4830
809
039
1021
9.1
3.57
.1.
429
702
.125
0154
4071
564
673
84.
78.3
94.
936.
2.1
9421
626
36.4
704
5512
226
842
400
6765
062
395
.9.
5667
097
525
2.46
492
45.
.41
963
.449
788.
4810
0594
322
790
526
1.35
8581
280
095
6.1
771
176
280
6283
837
8050
929
674
3737
9282
827
0109
5496
2794
814
7.1
315
066
8901
480.
4065
093
34.
9917
1032
058
2844
415
490
681
399
258
.92
060
265
.05
4888
7561
76.7
2634
.308
9202
424
758
4346
3.4
573
679
170.
4430
429
557
0232
9468
.68
5268
06..
005
352
8766
9.2
1604
697
4787
131
842
311
1.98
9554
986
657
501
434
2939
.36
.8.
921.
4373
7627
795
3167
51.
..7
8478
3791
9063
2396
265
5.4
5873
.99
285
7228
6217
132
1.42
9.3
35.
4120
155
359
269
6094
96.7
.3..
7.8
41.2
0979
774
775
372
0456
443
446
668
492
60.5
3277
1890
8084
623
900
7.9
.954
130
757
865
006
.24
7782
.88
8.6
2.4
0.7
.046
693
070
8569
78.
07..
1109
718
4714
5.83
555
602.
.086
981
144
0911
3940
355
635
0748
7005
377
0.57
40.1
.84
651
8237
225
.87
464
589
1906
982
50.5
4649
422
241
1080
3374
094
324
8652
.765
978
037
143
22.3
.90
0756
0.38
180
7599
810
404
256
8538
265
884
291
385
828
716
779
643
0732
803
.122
.807
267
103
0.25
6537
38.
448
3.78
1.4
133
212
4444
8733
.101
617
.3.
645
.43
672
036
2048
030
0706
3752
.147
0834
1236
19.1
5144
7359
669
768
586
9289
566
834
88.
2824
2648
4364
282
703
9209
419
9520
3.0
566
393
1656
89.
1.3
.6.
4023
4304
727.
632
3267
1.2
8.5
6798
621
592
781
8080
3949
.13
408
.145
.418
4142
30.
..40
243
.15
418
333
6551
7981
342
7610
274
621
240.
6034
9466
.990
752
2100
39.
.630
682
272
6715
811
821
66.1
..6
.299
291
575
3.8
187
8092
2240
3108
646.
958
3120
192
712.
2.68
733
601
594.
33.
020.
0336
683.
1201
76.2
344
9.77
.48
930
035
2999
22.
428
67.
88.0
.23.
9.6
6871
6977
826
092
1536
8296
2.3.
97.
5238
052
4030
391
029
6.35
1988
008
873
.655
21..
367
.664
543
.76
.2.
5.5
341
047
741
3128
281
168.
180.
7147
4.4
717
58.
0182
462
3412
2865
9504
874
4132
379
758
4306
.8.
.010
.84
5.1
7021
235.
9007
858
6412
..8
810
7760
205
4012
3246
7254
911.
288
0440
538
..1
8.6
712
623
110
037
226
1117
1543
324.
6664
0.1
281
39.6
636
5457
8599
1807
9492
952.
1588
9607
1.5
275
109
127
7160
158
370.
5847
9.7
3400
0935
.15
600
84.
4446
858
..12
.057
01.0
.496
513
4.6
4008
2.13
.0.
0498
496
9.33
7197
416
3470
61.
5609
652
9429
.15
327
846
3844
5.48
88.2
172
740
9.48
9087
527
49.2
724
3116
52.1
064
7268
1440
424
4.3
4107
2224
397
.32
993
390
271.
2.51
5.6
677
018
200
052
917
0605
1.11
9346
772
..04
911
3053
720
1292
0528
5164
37.0
.77
490
5.7
305
083
9901
476.
7819
5588
.379
085
5397
306
4015
53.
55.
206
512
6626
781
65.
386
026
830
009
089
795
..85
29.0
.3.
5.75
2163
.009
6352
5140
5500
1604
.71
2836
681
341
030
669
716
63.7
7925
9252
945
6576
3831
667
9628
376
9059
310.
4.2
8339
8..
146
21.1
.68
259.
2732
7745
539
.635
79.
140
1209
487
1.6
0878
8068
9.53
271
8062
359
384
946
325
.032
951
46.0
.562
19.
064
170
4738
2014
8491
4.4
508
7.8
688
465
371
2610
154
1017
6963
82.4
763
4017
599.
2643
586
.066
138
283
8709
332
7.90
4959
1948
5066
6714
9835
425
367
1..8
127
.24
8850
944
75.
194
428
478
402.
9015
5.33
3502
990
225
794
826
1569
9.5
591
463
3.5
973
056
410
.105
9.9
.843
2307
319
835
441
384
259.
.75
9.04
337
8609
2.4
54.5
.008
803
439
501
947
943
7..
10.
304
519
5175
953
466
6167
5809
344
47.
8505
7898
708
468.
5.60
6941
9174
8081
997
3495
.935
5614
983
9.3.
.739
5963
7184
2166
.277
266
88.
350
07.0
3373
474
3727
0754
3350
75.6
0.78
93.
12.9
4326
0052
758
.66
1.7
056
8763
4566
592
5676
51.
3579
2028
823
.530
861
3641
5508
728.
6362
9431
7175
2418
251
730
568
584
134.
3350
859
30.5
113
4838
.56.
001
96.1
2355
.37
052
9801
5865
9484
31.
.50
931
2236
932
780
4174
1451
101
286
847
3233
52.7
.86
482
730
1535
476
6998
135
3278
389
896
4550
0058
043
76.7
78.9
43.
20.7
853
433
5507
940
510
0473
5023
34.5
435
612
95.5
8.68
5807
8832
782
396
.857
9897
453
585
4838
2.08
262
1.60
801
1089
9525
6597
228
1761
8447
677
917
4223
7662
338
0301
..03
88.
92.
559
5899
261
376
4287
8398
0848
399
149
274
5145
364
1977
7839
145
1435
6.5
4087
094
3010
768
046
3.3
099
907
368.
2.7
058
269
5.1
178
