135.
0.94
820
702
405
0530
6878
9486
379
298
754
703
0312
7.03
769
740
.769
135
5650
4291
3267
.122
38.
917
200
5054
1016
6887
.8.
902
774
481
0637
2310
068
231
7330
927
8496
5.5
407
4808
754
116
820
45.
671
708
0.12
.5.3
6133
801
757.
8381
3368
42.3
880
698
343
531
4.6
614
06.
690
8.0.
537
1576
8365
249
7300
.46
357
3189
.557
4287
0994
3464
376
0312
057
653
066
2265
5193
5443
.96
307
3482
5140
715.
58.
810
833
341
966
193
326
682
.807
796
0.9
18.9
8597
7570
5580
645
592
0009
824
6..7
3832
6308
.7.
3548
886.
0.91
.915
0703
640
8.8
5112
390
9518
1184
2266
06.
831
3130
7787
3861
93.
3166
5716
534
6964
308
552
9.11
988
7555
604
4.0
2952
4610
689
424
7.9
1.5
576
138
7368
326
4982
718
2000
6849
58.3
.60
6237
580
.204
207
6600
4419
683
6627
386.
047
0382
005
6593
635
7559
513
076
486
663
371
720
7.7
0813
031
..8
5017
071
493
6302
0.7
6739
3243
3111
35..
643.
400
5.92
5432
4.1
107
109
1093
345
315
8596
5035
9531
7990
7884
31.
2186
469
5596
5089
593
161
854
405
40.
838
3600
244
95.
77.2
945
090
1.9
4103
650
51.9
5648
094
4415
..0
674
955
516
363
3584
9.06
..02
946
211
9236
9219
..51
.874
2660
.79
1042
9122
235
113
8777
7263
2372
588
8826
5425
6599
91.
58.
65.
60.0
366
61.2
589
2343
252
887
0869
563
335
..2
212
3742
8501
8201
733
240
190
50.
6468
175
12.4
3298
.9..
2633
6.01
184
157
5111
6583
4.77
155
3911
814
9560
048
1.8
9226
753
968
.40
351.
8238
3674
0509
765.
67.
91.
4946
.502
017
5079
5137
282
2.9
393
2471
.41
850
.7.
571
440
4826
993.
3281
966
329
3.1
2149
64.1
58.
8313
5342
8.75
5.75
715
3631
809
7461
2658
900.
5629
9.6
2012
355
5009
.5.
9379
747
627
889.
0424
325
9622
230
137
969
3292
05.
635
3788
0239
374
6376
560.
7658
.7.
597.
3575
856
3978
7.3
711
550.
30.9
4021
0611
729
1637
6.8
302
502
.593
8502
5.12
648
047
066
1760
.58
.349
6..4
3177
791
229
1944
6306
660
338
3682
4053
836
0620
134
887
0.3
835.
..0
422
229
551
074
5051
.50
0016
73.3
01.5
9165
287
099
985
2422
4899
7.4
56.3
3.8
230
9891
23.6
317
74.1
7343
5718
.0.
991.
270
9271
534
154
543
9155
2359
548.
655
942
4059
254
7536
3203
6680
2399
3427
151
933
9726
0120
8706
9713
5433
0481
4320
4468
7728
.45
278.
053.
5631
145
765
36.
1687
.39.
3505
473
459
0549
8644
2471
870
551
.150
036
208
314
329
9142
563
41.
4747
401
1741
5721
221
180
8209
8694
319
6907
2.07
298
272
1939
2866
179.
463
5.85
6.70
268
40.5
.993
3901
547
78.4
539
7530
95.
9.3
670
969
675
0056
.413
843
1741
8751
317
0218
339.
796
949
9341
428.
9135
600
.6.
370
625
8463
393
6038
9.26
194.
911
906
5918
2031
3357
390
024
4454
245
0699
03.6
.106
2786
9521
841
8082
3.86
9825
4739
1658
8638
0711
6194
650
8.7
674
627
6.5
8708
260
.28.
4752
815
1471
4502
66.
285
627
650
0839
72..
817
2.05
.42
554
2079
014
7359
.59
47.0
3111
859
41.
2660
2537
5658
607
2447
.87
9.1
4032
318
371
6900
375
6996
853
897
542
769
0863
961
7438
548
322
9304
690
17.5
328
.1.1
340
9552
6192
94.
503
8.40
443
.89
0470
0903
21.
5.84
176
680
925
037
0339
4656
.65
4258
.530
6..
8228
056
5070
559
6.9
635
3730
048
3913
388
819
964
40.
6.26
9342
234
671
605
548.
7726
918
9785
3879
.7.7
3490
4997
680
853
784
162
9610
802
0.1
6090
.68
017
396
2381
277.
8918
2617
2767
6504
5163
636.
2451
.135
621
768
208
3036
9.0
01.3
2590
15.
206
2814
.614
2834
561
793
316
0381
6272
61.8
8862
704
18.8
6923
586
7207
8..
.06
7.5.
91.
7487
3862
10.0
087
1507
023
35.5
.679
.617
1448
5.22
8267
670
38.7
.53
180
836.
5444
8.9
..4.
624
1708
181
585
06.
659
2853
4815
844
268
361
502
9801
8559
6498
..0
096
446
34.
419
.14
.9.
2031
6234
183
674
209
1302
866
2..
304
7279
.01
6705
9769
126
79.
8332
.869
984
1429
6613
4025
8..
.29
311
0.47
721
283
470
9573
139
472
.84
5199
403
5171
6964
4469
9.3
.030
6952
6170
6221
1465
049
7.3
53.
186
0779
741
978
4649
9202
92.2
6414
0189
83.8
835
0854
.48
1875
8688
253
62.5
317
7419
085
236
.38
120
308
.144
474
.14
58.7
2.2
378
197
434
1941
971
0243
5042
8759
6038
959.
3.56
431
2438
46.
573
.750
.30
4444
5914
6.6
32.
293
366
900.
858
94.
0100
883
285
0220
985
9140
4934
.528
318
7482
973
.852
329
1.35
9.6
950
.099
0.0
113
638
.53
0961
.29
8952
5350
.69
2182
80..
1913
.081
339
895
9340
130
8518
980.
.91
254
.26
935
731
0.63
207
400
5578
257
48.3
9291
.22
288
58.
2663
8251
0359
.51
636
725
041
.9.
4830
774
1.5
495
332
5.03
21.
1462
221
9617
2.07
7765
.982
1554
.691
621
565
4833
6295
.315
4941
9671
3.55
004
344
..2.
698
138
058
8125
683
.9.
150
425
2120
918
.671
3128
461
091.
8363
96.
418
65.2
.62
9790
151
094
533
2.4
876
.768
1459
.41
549
191
.7.8
7981
224
935
5920
928
.35
8747
9858
0391
0055
2323
2059
.56
55.8
5738
185
3744
8244
779
668
8474
