107
8877
6417
076
723
7673
645
0189
498
333
5.13
0950
9630
551
183
.47
746
0281
1074
4.69
.36
720
21.
918
057
36.6
449
334
27.
197
06.8
1675
590
43..
828
8517
8.9
0930
832
1909
.226
279
3823
5196
992
4316
.099
.242
870
0.3
5588
350
7692
77.
4944
1.79
9717
670
285
825
3.7.
246
40.
9657
.5.
7475
9966
026
1955
1826
642
663
963
395
788.
42.4
8488
586
4790
904
486
014.
711
278
9216
67.0
8880
0256
146
011
824
220
2562
7.36
663
.80
746
5743
957
60.8
9444
379
5062
1856
5..
6418
7063
2.7
202
62.
769
7058
8.7
0358
5.7
074
36.5
883
5.4.
0615
0127
347.
4611
8.88
196
963
591
584
0922
0894
8301
941
2609
011
440
838
564
089
8.23
274.
00.
299
4.94
8404
7719
.40
8427
5627
446
339
345
6998
.29
71.
322
..5
0040
953
0639
4983
.907
610
674
026
4881
5076
2583
646
.324
847
603
1650
433.
7..
3228
447
1343
980
4632
41.3
.265
204
8.9
503
11.5
016
214
7219
269.
248
653
157.
3092
91.
0208
3988
1.70
860
4.90
4998
109
345
890
4898
6.44
8150
234
5076
3947
782.
612.
2.47
276
238
.69
105.
258
52.
0.4
6570
663
569
347
0256
7991
5692
464
168
971
..82
3508
2698
290
2224
9353
869
9..4
733
653
1446
8..6
5035
2803
8.9
844
907
4111
7289
3354
151
61.
1528
460
.672
620
65.7
7432
8618
2.7
.133
8397
9994
6405
5382
2.99
03.
0622
928
440.
310
572
4176
5059
933
31.
7763
5395
1993
411
5188
692
8199
906
131
..4
.66
902
45..
7.3
0493
.384
842
93.
2669
629
067
386
5603
335.
222
740
7124
085
177
674
793
3330
071
.336
461
.61
193
7598
5814
9310
421
3.5
823
7411
7231
208
4768
2.48
.500
316
7082
3797
1.1
8587
51.
722
721
1741
75.
142
7.8
2547
157
0.53
751.
853
3764
7903
157
106.
775
018
2770
970
5880
0712
.7.
7817
935
..6
638
.825
1387
3978
29.
225
605
1370
49..
3968
5006
2935
0535
6534
4.7
588
550
5401
4.62
2489
5319
2646
518
89.
30.4
014
.583
6238
755
.481
115
284
6090
137.
0856
043
920
8.9
743
5386
93.
12.
7386
57.7
6601
9.6
636
8..1
388
140
078.
6981
181
45.
318
6046
9865
0683
2.77
7.83
2430
0.91
760
..5
5863
673
4.37
074
567
0772
7.7
9132
3.37
536
8335
655
9879
9303
611
054
182
359
.927
232
494
533
3.7
02.9
477
52.8
486.
89.
7016
900
229
2998
68.6
669
5369
1639
938
4885
868
713
706
.546
.458
9.8
4915
7061
7297
.93
598
089
.27
9388
011
5345
5070
1573
650
0314
199
.09
2305
923
7.35
107
.04
74.
4.69
0043
353
9526
199
8480
4176
3527
9921
7829
299
291
284.
202
79.0
8373
8900
.76
3748
...
.90
8.1
936
539
3728
046
.021
0789
5871
990
048
589
823
5569
9222
3753
761
4.05
177
989
6903
200
9111
916
863
.4.5
31.4
070
3953
981
4008
86.2
7.6
768
7570
029
7565
966
757
859
477
983
162
6.5
0957
5009
922
712
661
882
.24
980
1901
.776
9097
1063
5817
459
6312
390
479
619
633
134
538
824
0048
6300
170
1.8
825
407
800
3220
681
.03
117
418
6523
7407
3.48
4.76
778
122
.039
078
779
181
3842
186
.970
545
664
3024
.89
.748
977
6381
0052
902
3743
.988
3..6
059
601
2213
8305
1110
7818
1890
11.
7651
2086
.56
3942
.26
269
409
6408
7.5
592.
06.6
0.1
8113
9978
6415
214
1533
462
998
5436
4460
1444
0930
2.54
79.6
99.
.715
801
729
072
5814
.98
54.
.254
2.4
3609
2.69
493
964
3713
167.
855
165
3617
7716
7168
567
.0.3
258
817
7438
6956
69.
9.5.
5755
394
934
0.4
529
843
4523
9995
019
5825
2018
465
178
19.
6070
6.99
368
828
627
904
7948
0.6
196
52.1
394
955
282
177
9041
372
7423
080
7517
.2.
137.
.96
509
120
037
753
.17
04.
559
833
5.2
974
6999
659
519
400
556
848
278
262
8625
190
921
319
.32
7851
..77
..1
895
466
.16
.5..
20.
974
1.4
732
.3.
..72
945
048
.891
.11
371.
842
2.22
388
390
576
6327
862
0045
1.12
5746
5.9
821
3620
281
0738
588
.29
018
25.4
495
930
9569
8261
057
962
0310
227
523
4711
2244
3009
81.9
3378
147.
839
7851
401
8802
391
353
.44
955.
0222
309
817.
8904
32.
458
845
77.8
.116
697
504
8914
6099
3234
240
2.9.
416
710
7177
2.4
.148
928
950
79.
05..
776
184
2066
854.
433
575
885
457
572.
4466
567
450
579
2..
.730
0913
2060
7711
9730
200
152.
582
8485
5206
816
808
339
082
4.0
5151
814
9817
3864
.32
.84
.37
3.0
7757
944
587
5460
123
5394
028
1767
075
990
.89
910
887.
197
327.
..92
3014
704
672
873
.7.9
9357
538
7668
7323
880
11.
210
365
9.8
503
064.
7674
1182
542
785
.26
4407
4306
.365
865
466
93.
.534
3913
037
288
961
865
1291
399
632
.74
462
0385
444
77.9
722
848
755
998
403
090
8.54
9634
.291
8.07
.15
723
7718
558
3199
91.
5225
028
6408
5067
2037
869
4724
1813
515
9.4
6639
2585
528
143.
.56
4751
765
6903
610.
6660
.00
965
.79
100
.78
958.
9307
2860
564
1150
740.
77.9
652
403
704
609
5506
4512
931
33.
572
.69
8026
.032
.28
019
1.3
7113
2305
7.6
.74
2881
853
1684
4131
639
2756
6622
2859
7493
257.
5518
964
65.1
70.3
22.
741
0288
5830
40.
3731
2265
178
6344
061
854
